tshar [*,*]
:     1        2          3          4        5          6              7    :=
1    0     0.5         0          0          0       0.416667       0
2    0.5   0           0.333333   0          0       0              0.916667
3    0     0.416667    0          0.166667   0       0              0
4    0     0           0.333333   0          0.5     0              0
5    0     0           0          0.5        0       0              0
6    0.5   0           0          0          0       0              3.88051e-11
7    0     0.0833333   0          0          0      -1.94026e-11    0
8    0     0           0.333333   0          0       0             -3.88051e-11
9    0     0           0          0.333333   0       0              0
10   0     0           0          0          0.25    0              0
11   0     0           0          0          0       0.333333       0
12   0     0           0          0          0       0              0.0833333
13   0     0           0          0          0       0              0
14   0     0           0          0          0       0              0
15   0     0           0          0          0       0              0
16   0     0           0          0          0       0              0
17   0     0           0          0          0       0              0
18   0     0           0          0          0       0              0
19   0     0           0          0          0       0              0
20   0     0           0          0          0       0              0
21   0     0           0          0          0       0              0
22   0     0           0          0          0       0              0
23   0     0           0          0          0       0              0
24   0     0           0          0          0       0              0
25   0     0           0          0          0       0              0

:         8             9          10          11           12       :=
1     0             0           0          0             0
2     0             0           0          0             0
3     0.333333      0           0          0             0
4     0             0.666667    0          0             0
5     0             0           0.166667   0             0
6     0             0           0          0.166667      0
7     0.5           0           0          0             0.333333
8     0             0.0833333   0          0             0
9     0.0833333     0           0.25       0             0
10    0             0.166667    0          0             0
11    0             0           0          0             0.416667
12    0             0           0          1.94026e-11   0
13   -3.88051e-11   0           0          0             0.25
14    0             0.0833333   0          0             0
15    0             0           0.25       0             0
16    0             0           0          0.75          0
17    0             0           0          0             0
18    0             0           0          0             0
19    0             0           0          0             0
20    0             0           0          0             0
21    0             0           0          0             0
22    0             0           0          0             0
23    0             0           0          0             0
24    0             0           0          0             0
25    0             0           0          0             0

:         13           14         15         16          17            18    :=
1     0             0          0          0           0            0
2     0             0          0          0           0            0
3     0             0          0          0           0            0
4     0             0          0          0           0            0
5     0             0          0          0           0            0
6     0             0          0          0           0            0
7     0             0          0          0           0            0
8     0.416667      0          0          0           0            0
9     0             0.25       0          0           0            0
10    0             0          0.166667   0           0            0
11    0             0          0          0.0833333   0            0
12    0.25          0          0          0           0.583333     0
13    0             0.583333   0          0           0           -1.94026e-11
14   -5.82077e-11   0          0.5        0           0            0
15    0             0          0          0           0            0
16    0             0          0          0           0.333333     0
17    0             0          0          0.583333    0            3.88051e-11
18    0.25          0          0          0           0            0
19    0             0.166667   0          0           0            0.0833333
20    0             0          0.333333   0           0            0
21    0             0          0          0.333333    0            0
22    0             0          0          0           0.0833333    0
23    0             0          0          0           0            0.5
24    0             0          0          0           0            0
25    0             0          0          0           0            0

:       19         20          21         22         23         24       :=
1    0          0           0          0          0          0
2    0          0           0          0          0          0
3    0          0           0          0          0          0
4    0          0           0          0          0          0
5    0          0           0          0          0          0
6    0          0           0          0          0          0
7    0          0           0          0          0          0
8    0          0           0          0          0          0
9    0          0           0          0          0          0
10   0          0           0          0          0          0
11   0          0           0          0          0          0
12   0          0           0          0          0          0
13   0          0           0          0          0          0
14   0.333333   0           0          0          0          0
15   0          0.666667    0          0          0          0
16   0          0           0.666667   0          0          0
17   0          0           0          0.333333   0          0
18   0.25       0           0          0          0          0
19   0          0.0833333   0          0          0          0.583333
20   0.416667   0           0          0          0          0
21   0          0           0          0.5        0          0
22   0          0           0.25       0          0.416667   0
23   0          0           0          0          0          0.416667
24   0          0           0          0          0.583333   0
25   0          0.25        0          0          0          0

:       25       :=
1    0
2    0
3    0
4    0
5    0
6    0
7    0
8    0
9    0
10   0
11   0
12   0
13   0
14   0
15   0
16   0
17   0
18   0
19   0
20   0
21   0
22   0
23   0
24   0.333333
25   0
;

