1062 1198 0 0
1283 1023 0 0
1466 1126 1 0
993 1369 0 0
1147 1542 0 0
1088 971 0 0
1541 1442 0 0
948 1065 0 0
1319 891 1 0
890 1101 0 0
1180 1634 0 0
1676 1339 0 0
1624 1572 1 0
736 1339 0 0
1168 1773 0 0
727 1428 0 0
915 757 0 0
676 1430 0 0
1666 803 0 0
1823 1024 0 0
1423 1959 0 0
1684 652 1 0
523 1040 0 0
506 1114 0 0
516 1052 0 0
1824 1751 0 0
2013 1231 0 0
483 1055 0 0
458 1217 0 0
1737 599 0 0
846 534 0 0
435 1431 1 0
908 2054 1 0
1839 599 0 0
2121 1407 1 1
966 411 0 0
458 832 0 0
524 701 1 0
737 489 0 0
310 1257 0 1
1647 391 1 1
2188 1047 1 1
319 1562 1 1
807 2133 0 1
1460 269 1 1
1360 246 1 1
883 2196 0 1
234 1223 0 1
775 2172 0 1
1305 213 0 1
2258 995 0 1
305 790 0 1
1785 343 1 1
2305 1178 0 1
1738 309 0 1
573 2065 1 0
569 416 1 0
1350 177 0 1
1538 2302 0 1
156 1276 0 1
329 636 1 1
2320 958 1 1
2214 1800 0 1
1147 144 0 1
1199 139 1 1
2342 1527 1 1
985 2348 0 1
840 172 1 1
990 2375 0 1
590 301 1 1
494 373 0 1
2317 789 0 1
1866 2241 0 1
958 2381 0 1
255 1871 1 1
302 559 0 1
2227 1899 0 1
2250 1872 0 1
1761 188 0 1
2435 1312 0 1
49 1227 1 1
1650 117 1 1
1228 2473 0 1
417 352 0 1
1590 2429 0 1
371 2110 0 1
158 629 0 1
83 779 0 1
2153 2156 0 1
838 34 0 1
47 726 0 1
1802 6 0 1
105 1997 0 1
2344 426 0 1
104 484 0 1
301 249 0 1
2364 2066 0 1
243 276 1 1
401 126 1 1
2066 91 0 1
2115 2455 0 1
2330 2353 0 1
2404 220 0 1
12 188 1 1
63 2387 0 1
2478 2410 0 1
2467 5 0 1
