1224 1126 0 0
1033 1123 0 0
1343 1488 0 0
986 1370 0 0
1138 972 0 0
1068 990 0 0
985 1011 0 0
1568 1068 1 0
1500 962 0 0
1082 1599 0 0
1450 878 0 0
942 1576 0 0
1149 1690 0 0
1701 1146 0 0
989 797 0 0
1060 749 0 0
702 1343 0 0
1483 1769 1 0
1681 868 0 0
1712 894 0 0
1397 686 0 0
1009 1783 0 0
1558 1765 0 0
1593 1743 0 0
1131 1854 0 0
1850 1398 0 0
1335 1874 1 0
614 1458 0 0
707 1665 0 0
1915 1426 0 0
1043 585 1 0
677 847 0 0
1908 1556 1 0
1634 623 1 0
770 1812 0 0
1115 1979 1 0
1981 1395 0 0
923 580 0 0
1548 538 1 0
967 507 0 0
1325 446 1 0
550 1662 1 0
560 821 0 0
1771 615 1 0
2027 979 0 0
2066 1132 0 0
1100 386 0 1
429 850 1 0
441 794 0 0
495 1818 0 0
328 1002 0 1
299 1150 1 1
1506 328 0 1
1535 2172 1 1
284 1278 0 1
1649 2156 1 1
1456 279 0 1
837 2155 0 1
2242 1377 0 1
402 714 1 0
548 529 0 0
546 527 1 0
2078 1828 0 0
246 1391 0 1
1795 2126 0 1
267 1583 1 1
1346 212 0 1
1188 2292 1 1
2026 529 1 0
2177 731 1 1
1676 274 0 1
2092 588 0 0
751 269 0 1
2214 1783 0 1
268 1751 1 1
2161 621 0 1
2357 1214 1 1
969 177 0 1
2372 1373 0 1
2314 861 0 1
1080 2370 1 1
463 2066 0 0
164 1576 0 1
166 899 0 1
163 1591 0 1
2277 1762 0 1
2229 647 1 1
2107 2017 0 1
297 596 0 1
78 1136 0 1
684 203 0 1
59 1287 0 1
991 85 0 1
2263 608 0 1
2401 878 0 1
41 1412 0 1
2332 686 1 1
105 812 1 1
2410 1672 0 1
1778 2368 0 1
1379 20 1 1
472 2219 1 1
6 1190 0 1
2441 884 0 1
2479 1454 0 1
639 153 0 1
2029 2248 0 1
773 71 0 1
1816 2393 0 1
2081 2221 0 1
2398 641 0 1
1865 96 0 1
1742 34 0 1
389 2241 1 1
2387 1920 1 1
300 2171 0 1
2125 2254 1 1
2448 1959 1 1
224 2201 1 1
2176 2317 0 1
456 2433 1 1
129 2138 0 1
2247 2287 1 1
2439 379 0 1
316 66 0 1
2150 30 0 1
2457 2341 0 1
58 2443 0 1
