1250 1144 0 0
1132 1350 0 0
1398 1196 1 0
1160 1097 0 0
1347 1016 1 0
1476 1483 0 0
1502 1475 0 0
919 1375 0 0
1201 1620 0 0
1139 1609 0 0
1597 1044 0 0
848 1209 0 0
1370 1651 0 0
1590 987 0 0
1695 1332 0 0
880 973 0 0
1587 1576 0 0
762 1416 0 0
1139 1760 0 0
1697 1536 0 0
1025 1737 0 0
1782 1091 0 0
912 1692 0 0
1688 893 0 0
1546 1739 0 0
1072 1799 0 0
1297 675 0 0
1778 1483 0 0
1419 683 0 0
670 1428 0 0
782 832 0 0
1449 651 1 0
782 1686 0 0
1715 807 0 0
1805 1580 1 0
1207 596 1 0
1837 855 0 0
539 1202 1 0
519 1190 0 0
1248 482 0 0
1739 1854 0 0
574 1641 0 0
916 1967 0 0
458 1435 0 0
2059 1121 0 0
2034 1497 0 0
2068 1368 0 0
1738 1929 0 0
2008 1605 0 0
1059 2065 0 0
1438 424 1 0
797 518 0 0
1981 785 0 0
798 510 0 0
760 1968 0 0
391 1096 0 1
2129 1175 1 1
2096 1500 0 0
856 444 0 0
357 1134 1 1
2145 973 0 1
1511 2186 0 1
1715 2128 0 1
1888 472 1 0
2254 1332 0 1
2199 1603 0 1
1217 2263 1 1
1970 529 0 0
1793 2114 1 1
2222 892 0 1
2271 1505 0 1
2121 638 0 1
328 706 0 1
1833 2167 0 1
2288 1584 0 1
1552 201 0 1
1949 382 0 1
1440 2358 0 1
2372 1141 0 1
327 601 1 1
233 1746 0 1
150 1520 0 1
1216 2390 0 1
108 1315 0 1
464 2085 0 0
137 959 0 1
2268 1792 0 1
1437 2391 0 1
424 412 1 0
238 638 0 1
839 132 0 1
75 1041 0 1
54 1261 1 1
2129 2065 0 1
138 705 1 1
2087 2177 0 1
1676 2434 0 1
545 200 0 1
149 1874 1 1
901 30 0 1
2459 852 0 1
1865 2368 0 1
2364 1872 0 1
255 425 1 1
56 1839 0 1
2044 171 0 1
112 461 0 1
334 200 0 1
2497 621 0 1
2214 227 0 1
3 550 0 1
1969 13 1 1
2273 2296 0 1
96 328 0 1
69 359 0 1
402 2495 0 1
291 2469 0 1
2418 124 0 1
2462 2418 0 1
