[*,*,1]: 1   2   3   4   5   6   7   8   9  10:=
1 1000 6 0 0 0 0 0 0 0 0
2 6 1000 6 0 0 0 0 0 0 0
3 0 6 1000 6 0 0 0 0 0 0
4 0 0 6 1000 6 0 0 0 0 0
5 0 0 0 6 1000 6 0 0 0 0
6 0 0 0 0 6 1000 6 0 0 0
7 0 0 0 0 0 6 1000 6 0 0
8 0 0 0 0 0 0 6 1000 6 0
9 0 0 0 0 0 0 0 6 1000 6
10 0 0 0 0 0 0 0 0 6 1000
[*,*,2]: 1   2   3   4   5   6   7   8   9  10:=
1 1000 6 0 0 0 0 0 0 0 0
2 6 1000 6 0 0 0 0 0 0 0
3 0 6 1000 6 0 0 0 0 0 0
4 0 0 6 1000 6 0 0 0 0 0
5 0 0 0 6 1000 6 0 0 0 0
6 0 0 0 0 6 1000 6 0 0 0
7 0 0 0 0 0 6 1000 6 0 0
8 0 0 0 0 0 0 6 1000 6 0
9 0 0 0 0 0 0 0 6 1000 6
10 0 0 0 0 0 0 0 0 6 1000
[*,*,3]: 1   2   3   4   5   6   7   8   9  10:=
1 1000 6 0 0 0 0 0 0 0 0
2 6 1000 6 0 0 0 0 0 0 0
3 0 6 1000 6 0 0 0 0 0 0
4 0 0 6 1000 6 0 0 0 0 0
5 0 0 0 6 1000 6 0 0 0 0
6 0 0 0 0 6 1000 6 0 0 0
7 0 0 0 0 0 6 1000 6 0 0
8 0 0 0 0 0 0 6 1000 6 0
9 0 0 0 0 0 0 0 6 1000 6
10 0 0 0 0 0 0 0 0 6 1000
[*,*,4]: 1   2   3   4   5   6   7   8   9  10:=
1 1000 6 0 0 0 0 0 0 0 0
2 6 1000 6 0 0 0 0 0 0 0
3 0 6 1000 6 0 0 0 0 0 0
4 0 0 6 1000 6 0 0 0 0 0
5 0 0 0 6 1000 6 0 0 0 0
6 0 0 0 0 6 1000 6 0 0 0
7 0 0 0 0 0 6 1000 6 0 0
8 0 0 0 0 0 0 6 1000 6 0
9 0 0 0 0 0 0 0 6 1000 6
10 0 0 0 0 0 0 0 0 6 1000
